439|9|2|0|0|1.08|2129.02
447|40|2|0|1|0.47|3070.14
523|32|2|0|1|0.65|1123.62
702|59|2|0|1|1.13|6142.87
797|59|1|0|1|7.51|14822.12
797|68|1|0|0|2.39|7275.17
812|68|1|0|0|0.57|3588.41
917|59|1|0|1|1.28|3095.02
966|32|2|0|1|0.66|991.01
1022|17|2|0|1|0.47|3733.6
1133|17|2|0|1|0.1|826.01
1142|59|1|0|1|0.85|995.03
1190|59|2|0|1|2.46|12274.59
1270|9|2|0|0|2.48|10573.14
1270|94|2|0|0|0.37|833.52
1554|32|2|0|1|0.06|703.52
1592|32|2|0|1|3.66|17970.21
1777|59|1|0|1|0.29|337.08
2083|15|2|0|1|2.8|8968.24
2083|26|2|0|1|8.09|18190.43
2083|52|2|0|1|3.31|23936.77
2083|59|1|0|1|7.94|6565.64
2360|59|2|0|1|6.24|28228.08
2486|68|1|0|0|1.36|9833.49
2584|52|1|0|1|0.98|5136.24
2716|26|2|0|1|3.76|21409.4
2821|59|2|0|1|3.12|18130.87
2874|87|1|0|0|0.12|828.72
2891|59|1|0|1|0.47|5191.11
2913|52|2|0|1|1.33|8633.59
2916|17|1|0|1|3.73|2793.73
2916|32|2|0|1|2.26|10725.29
2916|59|2|0|1|1.26|8412.11
3014|17|1|0|1|0.42|256.53
3032|59|1|0|1|0.22|424.1
3091|81|1|0|1|3.91|9491.2
3316|68|1|0|0|0.67|935.39
3494|59|1|0|1|0.22|740.31
3555|59|1|0|1|2.45|12485.51
3643|40|2|0|1|1.28|8268.44
3710|59|1|0|1|0.54|1657.54
3931|17|1|0|1|1.22|3197.19
4024|15|2|0|1|0.66|4594.66
4024|32|2|0|1|21.11|113457.35
4024|40|2|0|1|18.17|35750.23
4024|52|2|0|1|8.07|20291.96
4024|59|2|0|1|2.77|6234.74
4024|81|2|0|1|13.86|27558.03
4024|87|2|0|0|11.92|100091.9
4052|17|2|0|1|4.68|13156.85
4377|9|2|0|0|1.78|4931.13
4926|32|2|0|1|1.18|5848.38
4990|15|2|0|1|1.51|10334.44
5062|9|2|0|0|0.03|260.52
5062|59|2|0|1|0.05|498.09
5142|17|2|0|1|0.32|1759.66
5142|52|2|0|1|0.73|3595.83
5142|59|2|0|1|0.59|1795.15
5377|40|2|0|1|1.65|4211.15
5380|40|2|0|1|1.28|8459.73
5462|81|1|0|1|0.43|1602.33
5498|15|2|0|1|1.1|8016.07
5498|23|2|0|1|0.91|4529.87
5548|59|2|0|1|0.28|2642.44
5638|59|1|0|1|0.49|563.51
5696|59|1|0|1|7.62|9711.83
5760|40|2|0|1|1.18|9101.24
5844|26|2|0|1|1.81|13938.73
5897|15|2|0|1|2.13|15495.54
6132|52|2|0|1|0.11|565.47
6307|17|1|0|1|1.18|5418.44
6454|94|2|0|0|4.79|18499.91
6732|59|1|0|1|0.16|449.02
6950|59|2|0|1|0.03|689.41
7104|9|2|0|0|0.5|4333.49
8269|32|2|0|1|1.54|16155.27
8623|26|2|0|1|0.57|3701.32
8690|43|2|0|0|0.5|3826.19
8954|32|2|0|1|0.76|3894.18
8982|17|2|0|1|0.66|3930.07
8986|59|2|0|1|0.4|1998.71
9006|59|2|0|1|1.43|4528.46
9086|26|2|0|1|0.78|5642.05
9086|52|2|0|1|0.78|5628.24
9158|9|2|0|0|2.06|7222.11
9209|59|2|0|1|0.68|3579.52
9270|15|2|0|1|3.3|20934.45
9270|94|2|0|0|1.12|5827.37
9474|68|1|0|0|0.15|448.57
9594|59|1|0|1|0.13|706.46
9609|17|1|0|1|0.8|2802.89
9613|55|2|0|1|2.36|15188.43
9925|26|2|0|1|4.89|32266.08
9944|17|2|0|1|1.91|16207.2
9944|32|2|0|1|0.9|3801.79
10091|87|1|0|0|0.51|4400.97
10117|59|2|0|1|0.41|3623.43
10133|17|2|0|1|0.91|4652.91
10376|9|2|0|0|9.8|21404.51
10376|59|2|0|1|10.31|51490.71
10547|15|2|0|1|1.41|5605.89
10999|32|2|0|1|0.73|952.75
11208|40|2|0|1|3.46|27539.95
11220|15|2|0|1|1.81|12100.35
11220|87|2|0|0|2.02|17700.32
11395|17|1|0|1|5.28|20117.58
11395|59|1|0|1|4.57|9488.9
11395|59|2|0|1|4.57|32678.7
11536|32|2|0|1|1.26|6243.31
11559|17|1|0|1|0.43|2676.72
11587|9|2|0|0|7.92|10439.63
11587|59|2|0|1|3.01|4820.24
12086|87|1|0|0|3.12|18401.59
12136|59|2|0|1|0.02|363.62
12574|32|2|0|1|1.66|13335.33
12592|59|1|0|1|0.08|328.8
12622|17|2|0|1|1.31|3992.98
12869|87|2|0|0|3.9|15610.57
12869|94|2|0|0|3.04|8877.93
12930|40|1|0|1|0.87|3010.63
12970|17|1|0|1|0.6|4639.4
13040|9|2|0|0|2.96|22198.4
13054|15|2|0|1|1.95|13623.55
13054|59|2|0|1|2.77|5344.6
13054|81|2|0|1|1.38|5417.82
13154|15|2|0|1|2.67|15978.61
13199|68|1|0|0|0.21|2065.84
13303|32|2|0|1|0.82|6109.22
13313|17|2|0|1|1.85|5816.18
13313|32|2|0|1|4.57|16437.38
13333|94|2|0|0|1.46|9800.46
13439|32|2|0|1|1.4|1005.42
13450|17|1|0|1|1.17|4239.49
13488|15|1|0|1|0.16|202.89
13581|17|1|0|1|1.76|8316.19
13708|52|2|0|1|1.13|6722.19
13733|59|1|0|1|1.96|4576.49
13751|52|2|0|1|4.83|28631.11
13822|59|2|0|1|0.42|3158.83
13847|87|1|0|0|0.98|2881.23
13871|17|1|0|1|1.5|4146.29
13871|32|2|0|1|1.05|10594.84
13871|59|1|0|1|1.41|4237.91
13871|68|1|0|0|0.72|10123.39
13981|68|1|0|0|4.51|13314.47
14470|17|2|0|1|2.79|16507.37
14470|32|2|0|1|6.13|69035.1
14470|59|2|0|1|0.78|5666.51
14671|17|2|0|1|0.03|524.97
14735|26|2|0|1|1.39|5573.61
14843|43|2|0|0|2.73|10009.4
14843|62|2|0|0|9.67|32946.38
14843|87|2|0|0|10.72|112161.68
15071|81|2|0|1|1.61|6030.17
15217|23|2|0|1|2.33|8644.7
15217|32|2|0|1|2.13|8203.89
15217|87|2|0|0|3.46|28139.73
15228|81|2|0|1|0.73|4929.17
15328|59|2|0|1|0.4|2002.56
15443|87|1|0|0|0.37|2154.98
15770|32|2|0|1|0.37|2501.86
16282|59|2|0|1|0.75|3485.23
16355|17|2|0|1|0.03|507.07
16488|32|2|0|1|2.74|13908.91
16613|94|2|0|0|2.71|13154.82
16692|15|2|0|1|0.7|4848.52
16692|32|2|0|1|3.71|9212.1
16692|59|2|0|1|1.78|1938.45
16864|32|2|0|1|13.59|81013.5
16921|40|2|0|1|3.13|18825.95
16975|23|2|0|1|2.27|8615.0
17034|59|1|0|1|0.83|4533.09
17043|23|2|0|1|2.71|11181.31
17068|68|1|0|0|0.3|2350.21
17183|43|2|0|0|0.68|3422.03
17321|9|1|0|0|0.64|2897.12
17343|59|2|0|1|0.19|1979.95
17378|17|1|0|1|0.15|373.49
17407|59|1|0|1|1.83|10694.86
17413|81|1|0|1|0.57|2574.85
17434|17|1|0|1|0.27|552.72
17552|59|1|0|1|0.56|3241.93
17552|68|1|0|0|0.78|2921.35
17818|17|1|0|1|0.21|344.17
17977|92|1|0|0|1.35|18496.15
18082|32|2|0|1|2.63|15857.12
18094|59|2|0|1|0.14|688.54
18103|59|2|0|1|2.22|3208.35
18139|52|2|0|1|1.51|6804.36
18158|81|1|0|1|1.85|5872.91
18158|81|2|0|1|1.85|9157.29
18318|81|2|0|1|0.9|5321.87
18372|32|2|0|1|0.71|12493.84
18408|59|2|0|1|0.5|2392.31
18410|32|2|0|1|1.03|4120.04
18438|59|2|0|1|4.31|14004.31
18515|32|2|0|1|0.08|824.66
18581|59|2|0|1|0.2|1524.48
18632|52|1|0|1|8.0|2413.85
18632|52|2|0|1|8.0|32154.15
18976|32|2|0|1|2.08|15692.64
19067|32|2|0|1|0.19|1522.38
19067|59|1|0|1|0.52|1453.38
19067|68|1|0|0|1.76|9145.98
19179|15|2|0|1|1.96|20310.66
19272|81|1|1|1|1.88|3105.21
19515|32|2|0|1|5.01|20926.4
19679|15|2|0|1|3.14|19500.91
19679|32|2|0|1|4.69|32644.4
19679|52|2|0|1|2.62|18905.14
19679|81|2|0|1|2.16|18076.16
19740|17|2|0|1|1.32|5421.3
19740|32|2|0|1|0.39|2102.05
20041|40|2|0|1|2.92|28039.64
20041|59|2|0|1|9.85|51932.14
20041|65|2|0|1|3.66|33797.94
20082|15|2|0|1|1.47|5169.5
20253|59|2|0|1|0.45|2202.43
20693|4|2|1|1|7.18|12821.98
20693|15|2|1|1|5.75|26275.2
20693|26|2|1|1|1.32|8772.94
20693|52|2|1|1|3.23|7582.28
20881|17|1|0|1|0.7|4806.48
20934|59|1|0|1|2.79|4950.94
20943|32|2|0|1|1.41|3408.84
21119|17|1|0|1|0.26|422.65
21119|59|1|0|1|0.21|271.08
21215|17|1|0|1|0.23|1212.0
21394|52|2|0|1|0.34|2151.14
21481|52|2|0|1|0.25|1228.52
21798|59|1|0|1|2.02|5646.19
21807|59|1|0|1|1.02|3936.42
22092|59|1|0|1|1.23|4452.95
22294|17|1|0|1|0.48|2277.16
22630|59|1|0|1|0.83|5726.41
22639|40|2|0|1|0.28|2475.6
22768|59|1|0|1|0.87|3310.83
22879|17|1|0|1|1.65|10000.81
22879|87|1|0|0|1.67|14179.61
22976|32|2|0|1|1.9|14743.08
23093|40|2|0|1|2.84|19101.34
23093|52|1|0|1|1.13|833.69
23093|52|2|0|1|1.13|4547.29
23421|17|1|0|1|0.83|1270.96
23530|32|2|0|1|0.02|491.11
23630|17|1|0|1|1.54|8128.83
23668|59|2|0|1|1.19|9918.61
23812|59|2|0|1|0.31|2634.91
23846|59|2|0|1|1.26|8704.77
23942|81|2|0|1|0.57|5193.04
23974|59|1|0|1|0.59|3937.03
23983|32|2|0|1|1.01|1826.77
24065|94|2|0|0|2.08|13338.89
24195|87|1|0|0|0.68|3396.23
24195|87|2|0|0|0.73|4156.23
24382|59|2|0|1|0.78|4076.53
24392|40|2|0|1|0.64|5238.23
24404|32|2|0|1|9.37|33016.0
24404|81|2|0|1|8.51|25202.45
24945|32|2|0|1|0.69|4385.69
24951|17|1|0|1|0.95|2990.47
25015|32|2|0|1|1.6|15089.03
25026|9|2|0|0|2.41|6844.77
25104|23|2|0|1|2.26|15605.47
25104|52|2|0|1|3.62|25057.87
25104|59|2|0|1|3.48|26848.08
25377|59|1|0|1|2.54|3060.97
25422|59|1|0|1|1.81|6829.97
25422|68|1|0|0|1.28|4288.76
25627|26|2|0|1|0.68|7054.32
25671|9|2|0|0|3.24|6154.23
25671|15|2|0|1|2.82|8840.32
25816|81|1|0|1|1.37|4993.6
25825|17|1|0|1|0.89|4691.72
25885|52|2|0|1|0.06|439.65
25887|68|1|0|0|1.39|1879.05
26094|17|1|0|1|0.28|2473.98
26390|17|1|0|1|0.5|1312.65
26539|15|2|0|1|2.38|14692.82
26725|68|1|0|0|0.15|1406.52
26725|87|1|0|0|0.66|1998.7
26730|17|1|0|1|0.64|825.58
26807|17|2|0|1|0.52|2695.54
26831|40|2|0|1|0.17|1107.6
26954|59|1|0|1|1.56|5575.56
26979|17|1|0|1|2.14|1736.32
26979|59|1|0|1|0.18|664.59
27129|59|1|0|1|0.65|4608.43
27166|59|1|0|1|0.08|157.14
27224|40|2|0|1|0.41|3546.53
27515|32|2|0|1|0.01|452.43
27546|32|2|0|1|0.61|5493.54
27629|32|2|0|1|2.76|17576.66
27761|59|1|0|1|0.98|5128.93
27819|17|1|0|1|9.46|53797.06
27922|81|1|0|1|1.05|3425.9
28134|59|1|0|1|1.89|4097.53
28137|59|2|0|1|0.7|3868.25
28137|87|2|0|0|2.65|27846.59
28156|59|1|0|1|1.63|8371.72
28362|9|2|0|0|0.77|3755.04
28410|17|2|0|1|5.19|23890.83
28477|32|2|0|1|0.62|2134.2
28847|52|2|0|1|0.73|4808.91
28861|17|1|0|1|1.08|4361.3
29262|23|2|0|1|1.48|8988.29
29262|59|2|0|1|4.08|15821.16
29666|59|2|0|1|1.17|9525.61
29831|59|1|0|1|0.47|923.95
30114|59|2|0|1|1.51|5776.74
30139|32|2|0|1|1.86|13854.98
30409|15|2|0|1|0.37|1758.08
30423|17|1|0|1|0.95|4385.08
30628|81|1|0|1|3.18|5326.51
30652|52|2|0|1|0.48|3629.0
30771|9|2|0|0|2.68|14699.69
30936|59|1|0|1|0.41|451.08
31012|68|1|0|0|3.22|8149.53
31153|32|2|0|1|0.1|3012.71
31551|59|1|0|1|0.95|3679.15
31565|68|1|0|0|2.99|8754.68
31622|59|2|0|1|0.42|3854.29
31836|87|1|0|0|1.33|5784.0
31836|87|2|0|0|1.33|8923.78
31838|68|1|0|0|1.38|4810.31
31890|68|1|0|0|1.04|5366.96
31899|17|1|0|1|1.34|5902.45
32006|94|2|0|0|0.23|1335.85
32060|17|1|0|1|6.81|31074.2
32060|81|1|0|1|4.83|31648.61
32437|59|2|0|1|0.71|3710.97
32572|32|2|0|1|0.03|551.71
32660|17|1|0|1|1.15|1951.71
32681|68|1|0|0|0.57|4344.37
32730|59|2|0|1|1.24|9322.26
32795|26|2|0|1|2.63|12830.49
32795|32|2|0|1|5.12|48959.09
32795|59|2|0|1|3.84|31787.31
32896|94|2|0|0|1.52|12853.37
32986|17|1|0|1|0.21|664.41
32997|32|2|0|1|3.47|19682.63
32997|40|2|0|1|2.63|16251.88
33084|59|1|0|1|0.37|723.91
33248|81|2|0|1|4.29|42624.64
33428|59|2|0|1|2.94|14768.31
33453|32|2|0|1|1.32|9241.91
33486|17|2|0|1|8.51|52622.33
33486|55|2|0|1|4.25|14442.47
34190|68|1|0|0|3.78|14411.0
34244|32|2|0|1|5.19|6524.64
34315|59|1|0|1|0.41|3442.51
34407|92|1|0|0|0.69|822.87
34500|32|2|0|1|2.95|4635.95
34512|59|1|0|1|4.85|13864.79
34775|81|2|0|1|3.06|21976.04
34853|59|2|0|1|0.44|2274.02
34922|9|2|0|0|1.34|9515.05
34977|4|2|1|1|1.23|3385.54
35052|87|2|0|0|1.3|14344.02
35100|32|2|0|1|0.86|5850.89
35271|40|2|0|1|5.88|39817.82
35284|59|1|0|1|0.82|2003.63
35287|87|2|0|0|7.59|33405.39
35465|32|2|0|1|3.82|16039.95
35689|68|1|0|0|0.59|2863.01
35719|40|2|0|1|0.88|11583.24
35819|52|2|0|1|0.47|2371.01
35888|59|1|0|1|1.06|1071.87
36088|59|2|0|1|1.99|5686.8
36094|94|2|0|0|1.55|5803.37
36122|59|1|0|1|0.92|5678.66
36123|15|2|0|1|6.72|52740.18
36258|17|1|0|1|1.97|5459.88
36331|59|1|0|1|0.78|3354.46
36468|15|2|0|1|1.91|18765.21
36535|17|1|0|1|1.6|2782.78
36535|59|1|0|1|1.6|1181.85
36708|40|2|0|1|0.55|3520.71
36918|17|1|0|1|2.07|8818.05
37005|81|1|0|1|3.74|26890.33
37371|32|2|0|1|1.16|5446.31
37461|52|2|0|1|3.68|29522.27
37661|59|1|0|1|0.9|9973.41
37826|17|2|0|1|10.15|77762.84
37826|32|2|0|1|4.47|16237.88
38025|59|1|0|1|3.94|18647.99
38272|17|1|0|1|1.44|6756.25
38272|52|2|0|1|0.94|5551.25
38272|71|1|0|1|1.06|1238.63
38272|81|1|0|1|2.95|10952.02
38272|87|1|0|0|1.63|3551.55
38443|17|1|0|1|1.11|5049.56
38454|32|2|0|1|1.02|4152.01
38481|81|1|0|1|1.1|2577.21
38512|17|2|0|1|4.99|21229.83
38557|59|1|0|1|0.23|882.87
38645|68|1|0|0|0.49|2130.64
38764|40|2|0|1|0.81|5384.81
38795|40|2|0|1|2.18|13269.96
39040|81|2|0|1|2.54|24222.28
39112|32|2|0|1|5.68|21277.79
39261|87|1|0|0|1.08|518.73
39261|87|2|0|0|1.08|816.68
39261|94|2|0|0|2.43|8386.97
39276|17|2|0|1|0.39|2082.6
39360|32|2|0|1|3.08|14521.09
39495|17|1|0|1|3.76|10050.49
39664|59|1|0|1|1.12|1114.0
39664|59|2|0|1|1.12|3721.16
39664|68|1|0|0|1.43|4137.42
39939|87|2|0|0|0.69|10761.54
39979|17|1|0|1|0.74|3560.94
40200|71|1|0|1|1.77|2000.61
40204|17|2|0|1|0.25|972.68
40352|32|2|0|1|0.35|3069.86
40447|26|2|0|1|1.48|10391.65
41027|32|2|0|1|1.88|18068.25
41398|17|2|0|1|0.99|3742.42
41607|59|1|0|1|1.66|3834.34
41607|81|1|0|1|0.46|1483.73
42164|17|2|0|1|0.62|3407.46
42384|59|1|0|1|0.12|897.28
42448|9|2|0|0|1.02|3096.27
42483|32|2|0|1|0.3|2218.72
42520|32|2|0|1|0.04|561.49
42577|9|2|0|0|1.2|2462.49
42777|59|1|0|1|0.78|2722.23
42787|40|2|0|1|0.97|9355.62
42915|40|1|0|1|0.27|969.43
43077|9|2|0|0|0.5|1167.3
43129|59|1|0|1|0.61|2020.67
43256|87|2|0|0|1.61|9404.63
43705|17|2|0|1|4.27|10293.34
44150|9|2|0|0|4.31|31374.34
44150|32|2|0|1|1.04|8621.91
44150|59|1|0|1|1.45|15032.13
44150|81|2|0|1|0.89|14339.31
44150|87|1|0|0|0.1|591.7
44155|59|2|0|1|0.03|457.15
44512|32|2|0|1|3.78|34294.67
44625|17|2|0|1|1.29|4235.42
44713|59|1|0|1|2.12|3897.07
44837|68|1|0|0|0.4|3050.15
45489|26|2|0|1|1.87|9926.83
45489|32|2|0|1|6.8|64770.76
45680|59|2|0|1|1.77|14207.57
45742|9|2|0|0|0.98|3170.61
45773|32|2|0|1|5.22|43053.36
45849|40|2|0|1|0.51|3645.82
46130|59|2|0|1|0.13|664.48
46499|32|2|0|1|0.28|1950.56
46712|59|2|0|1|0.28|2096.82
47033|59|1|0|1|1.05|4245.9
47258|40|2|0|1|1.33|5572.85
47298|59|1|0|1|0.17|376.51
47465|59|2|0|1|1.02|5539.11
47532|26|2|0|1|0.55|2643.87
47561|17|2|0|1|0.58|4761.79
47829|17|1|0|1|1.31|1585.98
47829|17|2|0|1|1.31|7138.31
47829|92|1|0|0|1.35|13891.59
47874|17|1|0|1|1.14|3146.35
47874|59|1|0|1|0.84|3156.66
47921|32|2|0|1|7.37|43596.49
48223|17|2|0|1|1.46|8591.12
48410|68|1|0|0|1.12|2985.83
48410|68|2|0|0|1.12|4249.47
48410|81|1|0|1|1.29|5565.71
48410|81|2|0|1|1.29|8766.62
48410|87|2|0|0|0.24|1538.69
48438|17|1|0|1|0.44|1890.93
48453|17|1|0|1|2.09|9838.18
48453|17|2|0|1|2.09|2986.86
48461|84|2|0|0|2.2|16183.7
48615|15|2|0|1|2.01|15554.45
48615|81|2|0|1|1.81|17370.12
48626|32|2|0|1|3.75|24161.54
48652|17|1|0|1|0.57|2192.37
48652|59|1|0|1|1.24|2041.63
48720|59|2|0|1|0.22|2557.14
48807|17|1|0|1|0.47|2671.09
48816|15|2|0|1|2.11|13244.11
48827|17|1|0|1|5.24|5817.69
48827|17|2|0|1|5.24|28344.17
48827|40|2|0|1|8.41|56602.27
48827|59|1|0|1|8.13|9065.68
48827|59|2|0|1|8.13|12526.82
48849|59|2|0|1|2.03|11033.74
48877|32|2|0|1|13.18|113807.03
48877|52|2|0|1|7.21|40410.11
48877|59|2|0|1|7.17|51030.09
48877|81|2|0|1|7.99|72807.46
48890|48|2|0|0|4.98|10311.16
49034|59|1|0|1|1.1|2044.67
49130|17|1|0|1|2.71|6341.97
49305|9|2|0|0|3.18|9499.29
49345|40|2|0|1|1.83|2558.6
49345|59|2|0|1|0.82|634.93
49541|68|1|0|0|3.0|14364.39
49541|87|2|0|0|2.78|28430.94
49541|94|2|0|0|1.88|5772.55
49636|9|2|0|0|2.86|4735.5
49636|17|2|0|1|12.25|68221.47
49636|26|2|0|1|3.02|9317.18
49636|52|2|0|1|6.9|31612.01
49636|59|2|0|1|20.81|85487.6
49636|81|2|0|1|0.44|4132.55
49672|32|2|0|1|1.2|5101.23
49929|59|1|0|1|0.17|797.22
50093|17|1|0|1|1.03|5159.62
50343|87|1|0|0|3.43|13980.07
50386|40|2|0|1|0.43|3322.36
50441|59|1|0|1|1.01|4517.02
50486|59|2|0|1|2.4|13746.51
50528|4|2|1|1|21.6|50177.44
50528|52|2|1|1|2.85|5666.21
50647|40|2|0|1|0.52|2057.81
50909|9|2|0|0|2.0|9449.36
51031|8|2|0|0|2.09|5656.41
51311|59|1|0|1|0.38|707.83
51387|23|2|0|1|0.44|1946.13
51766|52|1|0|1|0.69|3802.13
51822|17|1|0|1|12.41|35814.65
51852|17|2|0|1|2.55|13322.29
52008|8|2|0|0|6.9|51465.77
52069|40|2|0|1|2.4|18321.68
52160|94|2|0|0|4.25|14631.0
52182|17|1|0|1|1.1|1760.83
52311|87|2|0|0|0.23|1512.06
52363|59|1|0|1|0.76|4720.51
52441|17|2|0|1|0.27|1080.85
52475|59|1|0|1|1.71|3298.24
52835|59|2|0|1|0.74|3692.54
52973|43|2|0|0|1.36|6844.62
53020|15|2|0|1|0.29|1881.76
53135|40|2|0|1|0.28|993.63
53137|4|2|1|1|6.88|15371.61
53137|26|2|1|1|5.06|9044.67
53298|59|2|0|1|2.22|6178.94
53833|68|1|0|0|0.85|5425.17
53891|32|2|0|1|1.48|2756.4
53975|17|2|0|1|2.34|11132.81
53975|32|2|0|1|0.31|1655.4
54183|87|1|0|0|1.26|3272.92
54397|87|1|0|0|0.1|758.64
54915|15|2|0|1|2.06|18337.04
54960|68|1|0|0|1.57|6024.11
55225|32|2|0|1|2.37|3643.52
55261|32|2|0|1|3.27|4818.58
55281|26|2|0|1|0.31|2086.57
55370|17|1|0|1|0.84|1578.32
55497|59|1|0|1|6.72|5227.74
55518|40|2|0|1|1.22|3635.92
55611|81|1|0|1|0.89|6232.04
55618|32|2|0|1|0.41|2986.57
55644|52|2|0|1|0.95|9822.36
55693|52|2|0|1|0.41|3565.04
55823|59|1|0|1|0.89|3604.68
56446|17|1|0|1|0.59|2199.03
56834|32|2|0|1|2.14|11456.21
56863|17|2|0|1|1.51|7173.91
56971|32|2|0|1|4.71|33078.14
57052|17|1|0|1|1.83|6064.92
57052|59|1|0|1|5.89|18277.53
57052|87|1|0|0|3.1|15835.84
57191|32|1|0|1|3.73|24491.93
57191|32|2|0|1|3.73|34379.45
57203|59|1|0|1|0.31|719.19
57254|32|2|0|1|1.41|13689.55
57254|59|2|0|1|1.11|4747.42
57397|59|2|0|1|1.0|5638.75
57440|32|2|0|1|3.72|2953.53
57450|17|1|0|1|0.41|1614.44
58150|52|2|0|1|1.63|9351.01
58378|81|1|0|1|0.73|5763.96
58478|17|2|0|1|0.18|2653.65
58567|17|2|0|1|2.62|10573.37
58595|81|2|0|1|2.28|19306.96
58685|52|2|0|1|0.26|2065.32
58769|32|2|0|1|4.25|40099.41
58769|59|2|0|1|4.07|42011.78
58948|17|1|0|1|0.42|576.42
59027|15|2|0|1|0.45|3293.72
59124|15|2|0|1|0.3|1606.17
59146|59|2|0|1|1.7|10856.57
59317|15|2|0|1|0.85|5506.95
59317|59|2|0|1|1.78|1927.18
59397|40|2|0|1|2.7|26500.54
59397|59|2|0|1|2.79|15758.38
59516|59|1|0|1|0.55|3590.21
59516|65|1|0|1|1.14|5425.27
59544|59|2|0|1|2.52|14756.56
59598|32|1|0|1|0.08|781.8
59612|81|2|0|1|1.13|5529.99
59757|9|2|0|0|0.42|1581.63
59892|9|2|0|0|3.54|13297.51
59892|17|2|0|1|7.68|49280.63
59939|9|2|0|0|2.54|8592.15
59939|17|1|0|1|10.86|30170.66
59939|17|2|0|1|10.86|32236.4
59939|52|2|0|1|3.53|15716.02
60279|87|1|0|0|1.12|9289.71
60279|87|2|0|0|1.12|14204.88
60635|17|1|0|1|2.48|19743.75
60667|40|2|0|1|0.6|3672.45
60871|40|2|0|1|3.93|13386.12
60871|59|2|0|1|4.61|5900.88
60871|81|1|0|1|6.09|17066.3
60871|81|2|0|1|6.09|31430.49
61062|9|2|0|0|2.32|8799.51
61062|84|2|0|0|0.9|9740.38
61062|94|2|0|0|2.0|10567.5
61076|23|2|0|1|0.87|3681.58
61161|59|1|0|1|1.58|5286.07
61177|17|2|0|1|7.04|31445.47
61177|26|2|0|1|2.29|16261.05
61177|32|2|0|1|5.15|39685.49
61177|52|2|0|1|7.94|35262.0
61370|15|2|0|1|1.0|4394.55
61431|40|2|0|1|1.26|3700.06
61478|32|2|0|1|2.49|2649.01
61497|15|2|0|1|1.83|13378.28
61845|59|1|0|1|0.48|2013.77
61928|81|1|0|1|2.45|9060.28
62259|94|2|0|0|0.4|1896.3
62440|15|2|0|1|0.23|1675.68
62521|59|1|0|1|0.04|487.12
62521|87|2|0|0|0.02|345.26
62580|59|1|0|1|0.56|700.61
62606|26|2|0|1|0.49|3405.49
62629|23|2|0|1|1.76|7312.47
62629|81|1|0|1|5.09|14534.34
62869|59|1|0|1|0.4|2114.47
62977|26|2|0|1|1.85|9272.61
62977|52|2|0|1|4.84|19543.24
62977|87|2|0|0|0.39|5760.55
63133|59|1|0|1|1.7|2141.01
63133|68|1|0|0|1.48|6175.94
63133|68|2|0|0|0.13|847.77
63133|81|1|0|1|0.22|1229.36
63133|81|2|0|1|0.22|1882.61
63133|87|2|0|0|0.12|1439.04
63181|17|1|0|1|2.68|15169.95
63181|68|1|0|0|1.1|5914.33
63209|17|1|0|1|0.64|3566.26
63209|17|2|0|1|0.64|5318.36
63312|15|2|0|1|2.12|15287.9
63365|59|1|0|1|4.41|13591.54
63510|59|1|0|1|0.14|430.48
63812|40|1|0|1|1.05|3193.95
63812|40|2|0|1|2.32|10111.77
63987|68|1|0|0|0.51|4498.58
64042|59|1|0|1|4.03|23006.03
64329|59|2|0|1|0.89|8709.49
64499|32|2|0|1|1.4|12396.08
64722|81|1|0|1|0.63|3774.18
64738|52|1|0|1|0.44|3419.76
64738|52|2|0|1|0.44|4419.16
64845|59|1|0|1|0.81|1379.54
64845|59|2|0|1|0.81|1901.86
64919|59|2|0|1|1.4|10984.75
65256|87|2|0|0|0.81|9696.74
65375|32|2|0|1|2.17|15096.72
65838|59|1|0|1|1.4|3904.79
65838|59|2|0|1|1.4|4605.41
65920|81|1|0|1|0.17|1499.54
65935|9|2|0|0|0.57|1405.63
65991|15|2|0|1|1.94|19895.41
66010|59|2|0|1|0.73|4331.75
66052|81|2|0|1|1.74|10749.6
66350|9|2|0|0|1.95|8398.73
66350|32|2|0|1|3.13|20271.24
66350|59|2|0|1|3.1|20405.74
66451|59|1|0|1|4.65|9758.42
66472|17|1|0|1|0.47|1906.99
66708|40|2|0|1|0.66|4799.56
66871|68|1|0|0|0.96|3080.02
66914|15|2|0|1|1.16|8006.42
67061|40|2|0|1|0.26|1797.05
67186|32|2|0|1|3.22|10166.22
67292|43|2|0|0|0.57|3547.67
67512|9|2|0|0|0.82|4380.21
67670|17|2|0|1|0.62|3781.54
67739|9|2|0|0|4.99|14265.47
67743|59|1|0|1|0.9|3616.12
67767|52|2|0|1|0.28|3409.0
67872|15|2|0|1|4.43|27598.17
67923|23|2|0|1|3.24|21883.22
67974|40|2|0|1|1.64|14834.28
68049|87|2|0|0|0.46|3970.02
68089|26|2|0|1|2.4|16102.51
68089|52|2|0|1|9.35|45049.62
68089|59|2|0|1|9.54|73550.44
68145|4|2|1|1|5.18|12534.57
68145|15|2|1|1|0.85|3786.14
68145|26|2|1|1|1.7|3259.08
68145|52|2|1|1|1.95|4497.78
68145|59|2|1|1|2.86|7235.24
68718|52|2|0|1|2.11|8622.86
68761|32|2|0|1|1.23|5425.1
68807|17|1|0|1|0.6|2096.21
68850|59|1|0|1|2.08|8979.83
68936|40|2|0|1|3.26|14676.91
68971|43|2|0|0|3.81|9273.19
68971|68|1|0|0|2.09|2846.61
69003|59|1|0|1|3.56|18679.28
69033|40|2|0|1|0.42|3288.62
69138|17|1|0|1|2.5|13926.73
69205|32|2|0|1|4.1|15826.54
69387|87|1|0|0|0.55|4619.6
69470|40|2|0|1|0.79|5856.47
69552|59|1|0|1|2.51|4626.56
69552|59|2|0|1|2.51|5086.65
69552|65|2|0|1|1.02|8881.25
69576|23|2|0|1|0.93|4738.59
69730|52|1|0|1|4.23|2453.79
69730|52|2|0|1|4.23|15929.4
69901|81|2|0|1|0.51|2397.97
69939|40|2|0|1|0.32|3608.05
70039|59|2|0|1|7.74|40069.75
70101|59|2|0|1|0.48|2135.41
70111|9|2|0|0|1.67|3520.11
70112|17|1|0|1|0.62|638.25
70172|40|2|0|1|1.92|13913.2
70224|17|2|0|1|0.09|761.48
70378|9|2|0|0|2.45|2108.03
70407|17|1|0|1|0.92|3736.2
70407|87|1|0|0|1.01|3275.15
70449|59|1|0|1|2.9|5789.42
70520|9|2|0|0|0.03|473.51
70598|59|1|0|1|0.83|3277.84
70598|92|1|0|0|2.21|5653.63
70604|81|2|0|1|1.24|9536.69
70620|59|1|0|1|0.85|737.43
70658|40|2|0|1|0.25|1777.96
70721|15|2|0|1|2.59|20709.13
70754|59|2|0|1|2.81|14212.17
71061|32|2|0|1|2.21|5375.94
71260|26|2|0|1|1.16|4430.64
71300|26|2|0|1|2.12|14961.28
71300|68|1|0|0|1.9|9033.67
71300|84|1|0|0|1.9|9212.11
71520|9|2|0|0|0.29|2139.21
71533|59|2|0|1|1.23|8492.51
71764|17|2|0|1|0.91|15046.11
71764|23|2|0|1|0.06|510.3
71764|32|2|0|1|2.81|14023.18
71764|87|2|0|0|1.68|13830.59
71764|94|2|0|0|6.1|11461.21
71788|59|2|0|1|0.3|2645.35
71833|94|2|0|0|1.03|3481.99
71993|81|2|0|1|1.28|15275.41
72027|4|2|1|1|2.76|6075.67
72124|32|2|0|1|0.94|9744.99
72130|81|2|0|1|4.33|19713.18
72175|59|1|0|1|0.43|1717.96
72252|17|1|0|1|0.42|425.14
72315|59|1|0|1|0.1|243.48
72387|59|2|0|1|0.39|3341.76
72495|17|2|0|1|3.29|21209.7
72495|40|2|0|1|2.86|16906.89
72583|59|1|0|1|0.88|3583.64
72803|26|2|0|1|3.38|41033.69
72803|40|2|0|1|1.35|10018.77
72803|59|2|0|1|2.59|18459.76
72803|94|2|0|0|0.8|4593.6
73332|32|2|0|1|0.6|1369.33
73443|17|1|0|1|0.64|3154.03
73443|17|2|0|1|0.64|4038.45
73540|59|2|0|1|0.32|2950.36
73580|59|1|0|1|0.63|818.41
73893|40|2|0|1|1.16|3409.61
74003|59|2|0|1|2.95|16703.9
74004|52|2|0|1|0.38|5184.1
74410|32|2|0|1|3.74|18877.2
74427|17|2|0|1|1.57|9045.65
74473|59|2|0|1|1.8|7767.69
74722|59|1|0|1|0.68|3757.59
74812|17|1|0|1|0.29|884.53
74974|15|1|0|1|0.3|332.31
75037|15|2|0|1|0.57|2758.49
75065|59|1|0|1|1.66|1770.2
75075|17|2|0|1|0.74|4806.22
75171|17|2|0|1|1.73|8659.43
75379|40|2|0|1|0.43|400.02
75402|59|1|0|1|0.39|1568.14
75428|59|2|0|1|0.34|1699.54
75464|81|1|0|1|1.22|3666.43
75702|17|1|0|1|3.52|9097.65
75832|87|2|0|0|0.12|844.15
76117|87|1|0|0|1.08|5517.9
76134|26|2|0|1|1.21|9080.18
76361|59|2|0|1|0.45|3640.73
76459|15|2|0|1|2.39|21140.08
76459|17|1|0|1|0.97|7930.41
76459|26|2|0|1|7.54|73043.88
76459|52|2|0|1|8.52|83905.13
76476|17|1|0|1|0.71|3183.56
76588|32|2|0|1|6.83|21323.47
76588|59|2|0|1|1.33|11251.97
76698|17|1|0|1|0.52|1962.85
76949|32|2|0|1|0.43|3186.44
76977|81|2|0|1|0.94|8546.8
77069|59|1|0|1|2.33|3873.45
77330|81|2|0|1|1.76|14431.56
77440|59|1|0|1|0.47|2582.75
77527|52|2|0|1|1.12|8562.33
77614|59|2|0|1|0.46|1474.78
77616|17|1|0|1|0.62|1433.12
77661|32|2|0|1|1.29|1064.29
77844|59|2|0|1|1.08|5440.3
77867|81|2|0|1|1.03|4525.79
77867|87|2|0|0|3.22|39787.63
77964|87|1|0|0|0.31|1956.27
77984|15|2|0|1|0.64|4325.99
77984|59|2|0|1|1.78|1924.55
77984|81|2|0|1|1.59|3452.0
78210|59|2|0|1|5.62|18283.22
78229|68|1|0|0|1.16|8462.85
78273|94|2|0|0|1.78|8981.48
78281|94|2|0|0|3.82|32062.16
78460|81|2|0|1|4.54|38253.47
78565|8|2|0|0|1.06|3100.9
78846|15|2|0|1|0.7|4856.58
78846|59|2|0|1|1.78|2116.5
78863|17|2|0|1|2.01|5581.41
79247|32|2|0|1|3.41|32853.39
79247|59|2|0|1|1.48|14036.79
79253|17|1|0|1|0.03|237.43
79550|15|2|0|1|2.54|13951.98
79653|59|1|0|1|3.16|14638.68
79722|52|2|0|1|0.36|1769.18
79796|94|2|0|0|3.0|16920.13
79903|23|2|0|1|1.02|5426.8
80170|32|2|0|1|2.16|5443.71
80170|59|2|0|1|1.87|6237.7
80461|59|1|0|1|0.4|867.98
80479|52|2|0|1|5.64|19424.77
80506|40|2|0|1|1.79|8987.17
80600|52|1|0|1|0.89|1851.17
80627|8|2|0|0|3.0|26637.1
80627|9|2|0|0|11.16|47026.51
80627|43|2|0|0|4.24|15522.98
80627|62|2|0|0|1.8|5499.7
80886|17|2|0|1|0.19|1146.62
80942|17|2|0|1|3.92|15011.65
81034|17|1|0|1|3.07|9142.5
81034|68|1|0|0|4.89|10915.55
81034|92|1|0|0|3.51|5499.14
81093|17|1|0|1|0.7|3418.34
81554|32|2|0|1|0.47|4334.22
81717|17|1|0|1|0.26|1493.53
82023|43|2|0|0|6.51|19523.8
82727|17|1|0|1|0.98|3433.78
82928|15|2|0|1|3.78|22035.72
82939|68|1|0|0|0.76|3695.08
83256|59|2|0|1|2.26|13264.88
83458|10|2|0|1|1.81|12564.24
83458|26|2|0|1|1.02|8132.52
83472|17|1|0|1|7.42|34787.3
83472|59|1|0|1|16.46|41839.82
83472|81|1|0|1|8.0|33091.08
84051|15|2|0|1|4.1|15673.82
84051|23|2|0|1|3.8|37662.01
84051|59|2|0|1|3.0|14423.31
84174|15|2|0|1|2.74|16044.0
84174|32|2|0|1|2.63|16249.43
84174|40|2|0|1|3.06|17422.4
84183|59|2|0|1|0.66|3878.17
84287|59|1|0|1|0.4|1276.58
84380|17|1|0|1|0.12|434.52
84413|94|2|0|0|1.36|9509.29
84482|81|1|0|1|4.96|28218.94
84518|32|2|0|1|0.36|3872.01
84613|59|1|0|1|5.51|19240.14
84613|81|1|0|1|1.16|9106.03
84689|92|1|0|0|1.14|2299.07
84804|17|2|0|1|1.66|6388.08
84804|32|2|0|1|17.18|113362.42
84904|32|2|0|1|1.02|5606.89
84948|68|1|0|0|2.34|4956.79
85001|15|2|0|1|0.78|4899.46
85201|17|1|0|1|0.16|497.58
85203|59|2|0|1|0.82|2206.92
85407|59|1|0|1|0.6|2040.81
85414|59|2|0|1|2.55|14792.5
85515|15|2|0|1|1.87|15456.44
85546|23|2|0|1|7.13|31695.07
85548|26|2|0|1|3.63|26072.05
85548|32|2|0|1|1.61|8801.79
85548|40|2|0|1|1.03|4425.57
85756|59|1|0|1|3.39|4078.2
85840|81|1|0|1|1.4|6519.37
85840|87|2|0|0|1.85|18747.44
85855|59|2|0|1|0.95|5073.28
85924|52|2|0|1|0.42|3099.82
85950|9|2|0|0|2.17|9265.59
85950|94|2|0|0|0.66|1427.56
85952|87|2|0|0|0.53|3124.08
85984|32|2|0|1|4.37|26971.46
85984|59|2|0|1|4.6|19933.32
86182|84|2|0|0|0.18|1712.28
86229|59|2|0|1|0.12|1155.82
86237|17|1|0|1|0.17|544.17
86267|52|2|0|1|0.44|1478.26
86271|40|2|0|1|0.6|2086.23
86271|59|1|0|1|1.0|1489.53
86271|59|2|0|1|1.0|2098.24
86271|87|2|0|0|1.41|11002.1
86542|59|1|0|1|0.61|2697.17
86582|17|1|0|1|8.88|46393.97
86582|59|1|0|1|3.56|5489.77
86743|26|2|0|1|1.77|11942.03
86749|52|2|0|1|1.55|6798.0
86767|94|2|0|0|0.63|7331.94
86901|52|2|0|1|1.27|6053.98
86916|40|2|0|1|4.65|44109.01
87125|17|2|0|1|0.43|2208.14
87125|32|2|0|1|0.24|1785.81
87201|59|1|0|1|0.42|4786.27
87207|59|2|0|1|0.33|1525.76
87293|32|2|0|1|2.73|27586.14
87293|59|2|0|1|1.2|14134.99
87434|15|2|0|1|2.43|14882.3
87539|59|2|0|1|0.32|2222.64
87552|9|2|0|0|0.77|1767.24
87664|59|1|0|1|2.09|2228.65
87873|32|2|0|1|1.37|11149.52
87873|59|1|0|1|5.96|14462.01
87873|59|2|0|1|5.96|18019.04
87878|15|2|0|1|6.98|27686.64
88023|9|2|0|0|0.26|1793.54
88040|17|1|0|1|3.28|13523.4
88040|92|1|0|0|0.5|3397.83
88205|87|1|0|0|0.53|3512.47
88517|87|1|0|0|0.94|9645.45
88525|23|2|0|1|2.06|8786.7
88691|17|2|0|1|2.45|14236.25
88841|52|1|0|1|0.81|3526.97
88928|40|2|0|1|4.57|52795.8
88928|52|2|0|1|1.61|16047.72
89417|23|2|0|1|2.98|16480.71
89417|32|2|0|1|1.3|11692.75
89417|59|2|0|1|3.96|31433.94
89430|15|2|0|1|0.78|3080.23
89440|26|2|0|1|4.5|26752.83
89440|40|2|0|1|2.16|14142.33
89602|32|2|0|1|4.35|13764.84
89768|52|2|0|1|2.53|6395.02
89835|17|1|0|1|0.19|266.39
89842|17|1|0|1|0.21|1609.65
90076|15|2|0|1|0.19|1659.17
90202|9|2|0|0|1.94|5487.84
90227|17|1|0|1|1.66|1901.31
90537|59|2|0|1|0.47|3621.51
90597|59|1|0|1|1.93|8763.76
90901|59|2|0|1|7.24|38826.18
90980|9|2|0|0|0.68|3207.73
91094|59|1|0|1|0.93|7440.98
91148|23|2|0|1|2.42|16308.49
91148|32|2|0|1|1.58|11091.98
91178|59|1|0|1|0.28|1726.0
91179|9|2|0|0|2.0|6537.2
91179|17|2|0|1|1.12|7786.85
91249|40|2|0|1|1.42|12472.9
91435|59|1|0|1|0.09|336.43
91517|59|2|0|1|0.14|699.23
91543|40|2|0|1|0.27|1817.58
91752|32|2|0|1|1.02|5777.85
91794|23|2|0|1|0.78|3891.47
91845|38|2|0|0|0.69|5384.4
91975|15|2|0|1|0.26|1350.55
92013|87|2|0|0|5.13|42420.48
92023|8|2|0|0|2.36|14873.88
92027|59|1|0|1|0.43|3596.53
92099|40|2|0|1|0.84|3715.81
92218|68|1|0|0|1.7|5109.02
92218|94|2|0|0|2.11|5823.81
92490|32|2|0|1|1.0|5684.99
92531|59|1|0|1|0.82|2998.65
92531|59|2|0|1|0.82|3962.46
92556|15|2|0|1|1.69|13954.69
92556|32|2|0|1|1.26|8752.98
92583|17|1|0|1|1.56|2162.49
92583|43|2|0|0|2.29|16081.14
92583|68|1|0|0|1.8|5045.75
92583|84|2|0|0|1.28|4506.07
92583|87|1|0|0|2.0|4528.6
92853|17|1|0|1|0.51|818.81
92933|17|1|0|1|0.2|965.75
93168|59|1|0|1|1.23|4838.42
93182|40|2|0|1|0.77|4707.27
93228|17|1|0|1|0.47|3118.36
93417|59|2|0|1|1.47|13477.29
93435|17|1|0|1|2.13|7523.32
93435|26|2|0|1|0.88|4901.23
93498|59|1|0|1|5.03|40864.97
93510|92|1|0|0|0.08|183.74
93538|17|1|0|1|3.95|8438.92
93538|59|1|0|1|3.23|7596.74
93922|59|2|0|1|3.14|28462.29
93922|87|2|0|0|4.91|49595.75
93970|59|2|0|1|1.12|5443.34
94033|52|2|0|1|2.05|12845.95
94181|81|2|0|1|2.79|31829.25
94181|84|2|0|0|0.56|4680.47
94553|32|2|0|1|3.4|24431.95
94553|59|2|0|1|3.26|24059.66
94554|94|2|0|0|2.34|15916.01
94589|59|2|0|1|0.21|1085.16
94886|32|2|0|1|3.57|32663.3
94968|32|2|0|1|2.14|15450.54
95008|17|1|0|1|0.54|3618.87
95011|15|2|0|1|0.14|1175.31
95018|59|2|0|1|0.47|1459.4
95287|40|2|0|1|1.75|13942.41
95311|15|2|0|1|0.79|3392.11
95319|32|2|0|1|1.0|8622.39
95372|52|1|0|1|1.12|5058.23
95396|68|1|0|0|1.45|5044.63
95476|17|2|0|1|4.07|27419.52
95476|59|2|0|1|2.04|11994.68
95476|68|1|0|0|2.71|5658.8
95476|81|2|0|1|1.91|18346.08
95601|87|1|0|0|1.19|3526.88
95661|59|1|0|1|0.61|2449.74
95678|17|1|0|1|9.52|58141.15
95678|52|2|0|1|4.02|42725.05
95678|59|1|0|1|20.82|46723.27
95678|94|2|0|0|9.74|53715.43
95961|17|1|0|1|0.41|1605.53
95974|81|2|0|1|0.37|1762.09
96004|17|1|0|1|0.85|1790.38
96038|17|1|0|1|0.31|2426.65
96379|87|1|0|0|0.69|4487.05
96414|17|1|0|1|0.33|1994.25
96832|59|2|0|1|0.42|2366.75
96847|17|1|0|1|2.06|1559.1
96975|23|2|0|1|2.02|11831.95
97172|59|2|0|1|2.7|5513.78
97437|38|2|0|0|3.53|19322.98
97437|59|1|0|1|0.78|5372.94
97574|59|2|0|1|2.72|14141.15
97661|68|1|0|0|3.52|5889.99
97695|52|1|0|1|0.42|2558.48
97861|59|1|0|1|1.75|2563.15
97942|68|1|0|0|2.58|2785.43
97942|81|1|0|1|0.19|653.22
97945|59|1|0|1|0.41|2623.55
98118|17|2|0|1|0.83|3775.18
98118|52|2|0|1|2.18|10110.07
98118|59|2|0|1|0.88|2943.77
98140|26|2|0|1|3.56|27969.49
98140|59|2|0|1|4.59|25806.94
98248|87|1|0|0|0.52|3587.8
98265|32|2|0|1|1.41|14843.48
98346|40|2|0|1|0.65|4624.71
98490|59|1|0|1|0.41|3640.26
98571|17|1|0|1|0.25|435.84
98646|9|2|0|0|3.23|12578.25
98747|9|2|0|0|3.32|13505.26
98747|59|2|0|1|2.11|10467.62
98814|32|2|0|1|3.33|16670.11
98814|40|2|0|1|2.77|7500.29
98825|94|2|0|0|2.45|14171.21
98871|52|2|0|1|0.24|1215.44
98995|17|1|0|1|0.34|1365.58
98995|68|1|0|0|0.57|2855.36
99108|52|2|0|1|1.61|5619.73
99146|17|2|0|1|0.83|4487.12
99282|59|2|0|1|1.62|8872.66
99377|52|2|0|1|0.65|3088.96
99693|81|1|0|1|6.34|31253.14
99793|52|2|0|1|0.13|1061.9
99793|87|2|0|0|0.02|578.53
